k 2 4 K 6 4 p 4 2 r 5 2: 4 2 5 2
k 2 4 K 6 4 p 4 2 r 5 2: 4 2 6 2
k 2 4 K 6 4 p 4 2 r 5 2: 4 2 7 2
k 2 4 K 6 4 p 4 2 r 3 2: 4 2 3 2
k 2 4 K 6 4 p 4 2 r 3 2: 4 2 2 2
k 2 4 K 6 4 p 4 2 r 3 2: 4 2 1 2
k 2 4 K 6 4 p 4 2 r 4 3: 4 2 4 3
k 2 4 K 6 4 p 4 2 r 4 3: 4 2 4 4
k 2 4 K 6 4 p 4 2 r 4 3: 4 2 4 5
k 2 4 K 6 4 p 4 2 r 4 1: 4 2 4 1
k 2 4 K 6 4 p 4 2 r 5 3: 4 2 5 3
k 2 4 K 6 4 p 4 2 r 5 3: 4 2 6 4
k 2 4 K 6 4 p 4 2 r 5 3: 4 2 7 5
k 2 4 K 6 4 p 4 2 r 3 1: 4 2 3 1
k 2 4 K 6 4 p 4 2 r 5 1: 4 2 5 1
k 2 4 K 6 4 p 4 2 r 3 3: 4 2 3 3
k 2 4 K 6 4 p 4 2 r 3 3: 4 2 2 4
k 2 4 K 6 4 p 4 2 r 3 3: 4 2 1 5
k 2 4 K 6 4 p 4 2 R 5 2: 4 2 5 2
k 2 4 K 6 4 p 4 2 R 5 2: 4 2 6 2
k 2 4 K 6 4 p 4 2 R 5 2: 4 2 7 2
k 2 4 K 6 4 p 4 2 R 3 2: 4 2 3 2
k 2 4 K 6 4 p 4 2 R 3 2: 4 2 2 2
k 2 4 K 6 4 p 4 2 R 3 2: 4 2 1 2
k 2 4 K 6 4 p 4 2 R 4 3: 4 2 4 3
k 2 4 K 6 4 p 4 2 R 4 3: 4 2 4 4
k 2 4 K 6 4 p 4 2 R 4 3: 4 2 4 5
k 2 4 K 6 4 p 4 2 R 4 1: 4 2 4 1
k 2 4 K 6 4 p 4 2 R 5 3: 4 2 5 3
k 2 4 K 6 4 p 4 2 R 5 3: 4 2 6 4
k 2 4 K 6 4 p 4 2 R 5 3: 4 2 7 5
k 2 4 K 6 4 p 4 2 R 3 1: 4 2 3 1
k 2 4 K 6 4 p 4 2 R 5 1: 4 2 5 1
k 2 4 K 6 4 p 4 2 R 3 3: 4 2 3 3
k 2 4 K 6 4 p 4 2 R 3 3: 4 2 2 4
k 2 4 K 6 4 p 4 2 R 3 3: 4 2 1 5
k 2 4 K 6 4 p 4 2: 4 2 5 2
k 2 4 K 6 4 p 4 2: 4 2 6 2
k 2 4 K 6 4 p 4 2: 4 2 7 2
k 2 4 K 6 4 p 4 2: 4 2 3 2
k 2 4 K 6 4 p 4 2: 4 2 2 2
k 2 4 K 6 4 p 4 2: 4 2 1 2
k 2 4 K 6 4 p 4 2: 4 2 4 3
k 2 4 K 6 4 p 4 2: 4 2 4 4
k 2 4 K 6 4 p 4 2: 4 2 4 5
k 2 4 K 6 4 p 4 2: 4 2 4 1
k 2 4 K 6 4 p 4 2: 4 2 5 3
k 2 4 K 6 4 p 4 2: 4 2 6 4
k 2 4 K 6 4 p 4 2: 4 2 7 5
k 2 4 K 6 4 p 4 2: 4 2 3 1
k 2 4 K 6 4 p 4 2: 4 2 5 1
k 2 4 K 6 4 p 4 2: 4 2 3 3
k 2 4 K 6 4 p 4 2: 4 2 2 4
k 2 4 K 6 4 p 4 2: 4 2 1 5
k 2 4 K 6 4 P 4 2 r 5 2: 2 4 1 4 4 2 5 2
k 2 4 K 6 4 P 4 2 r 5 2: 2 4 1 4 4 2 6 2
k 2 4 K 6 4 P 4 2 r 5 2: 2 4 1 4 4 2 7 2
k 2 4 K 6 4 P 4 2 r 3 2: 2 4 1 4 4 2 3 2
k 2 4 K 6 4 P 4 2 r 3 2: 2 4 1 4 4 2 2 2
k 2 4 K 6 4 P 4 2 r 3 2: 2 4 1 4 4 2 1 2
k 2 4 K 6 4 P 4 2 r 4 3: 2 4 1 4 4 2 4 3
k 2 4 K 6 4 P 4 2 r 4 3: 2 4 1 4 4 2 4 4
k 2 4 K 6 4 P 4 2 r 4 3: 2 4 1 4 4 2 4 5
k 2 4 K 6 4 P 4 2 r 4 1: 2 4 1 4 4 2 4 1
k 2 4 K 6 4 P 4 2 r 5 3: 2 4 1 4 4 2 5 3
k 2 4 K 6 4 P 4 2 r 5 3: 2 4 1 4 4 2 6 4
k 2 4 K 6 4 P 4 2 r 5 3: 2 4 1 4 4 2 7 5
k 2 4 K 6 4 P 4 2 r 3 1: 2 4 1 4 4 2 3 1
k 2 4 K 6 4 P 4 2 r 5 1: 2 4 1 4 4 2 5 1
k 2 4 K 6 4 P 4 2 r 3 3: 2 4 1 4 4 2 3 3
k 2 4 K 6 4 P 4 2 r 3 3: 2 4 1 4 4 2 2 4
k 2 4 K 6 4 P 4 2 r 3 3: 2 4 1 4 4 2 1 5
k 2 4 K 6 4 P 4 2 R 5 2: 2 4 1 4 4 2 5 2
k 2 4 K 6 4 P 4 2 R 5 2: 2 4 1 4 4 2 6 2
k 2 4 K 6 4 P 4 2 R 5 2: 2 4 1 4 4 2 7 2
k 2 4 K 6 4 P 4 2 R 3 2: 2 4 1 4 4 2 3 2
k 2 4 K 6 4 P 4 2 R 3 2: 2 4 1 4 4 2 2 2
k 2 4 K 6 4 P 4 2 R 3 2: 2 4 1 4 4 2 1 2
k 2 4 K 6 4 P 4 2 R 4 3: 2 4 1 4 4 2 4 3
k 2 4 K 6 4 P 4 2 R 4 3: 2 4 1 4 4 2 4 4
k 2 4 K 6 4 P 4 2 R 4 3: 2 4 1 4 4 2 4 5
k 2 4 K 6 4 P 4 2 R 4 1: 2 4 1 4 4 2 4 1
k 2 4 K 6 4 P 4 2 R 5 3: 2 4 1 4 4 2 5 3
k 2 4 K 6 4 P 4 2 R 5 3: 2 4 1 4 4 2 6 4
k 2 4 K 6 4 P 4 2 R 5 3: 2 4 1 4 4 2 7 5
k 2 4 K 6 4 P 4 2 R 3 1: 2 4 1 4 4 2 3 1
k 2 4 K 6 4 P 4 2 R 5 1: 2 4 1 4 4 2 5 1
k 2 4 K 6 4 P 4 2 R 3 3: 2 4 1 4 4 2 3 3
k 2 4 K 6 4 P 4 2 R 3 3: 2 4 1 4 4 2 2 4
k 2 4 K 6 4 P 4 2 R 3 3: 2 4 1 4 4 2 1 5
k 2 4 K 6 4 P 4 2: 2 4 1 4 4 2 5 2
k 2 4 K 6 4 P 4 2: 2 4 1 4 4 2 6 2
k 2 4 K 6 4 P 4 2: 2 4 1 4 4 2 7 2
k 2 4 K 6 4 P 4 2: 2 4 1 4 4 2 3 2
k 2 4 K 6 4 P 4 2: 2 4 1 4 4 2 2 2
k 2 4 K 6 4 P 4 2: 2 4 1 4 4 2 1 2
k 2 4 K 6 4 P 4 2: 2 4 1 4 4 2 4 3
k 2 4 K 6 4 P 4 2: 2 4 1 4 4 2 4 4
k 2 4 K 6 4 P 4 2: 2 4 1 4 4 2 4 5
k 2 4 K 6 4 P 4 2: 2 4 1 4 4 2 4 1
k 2 4 K 6 4 P 4 2: 2 4 1 4 4 2 5 3
k 2 4 K 6 4 P 4 2: 2 4 1 4 4 2 6 4
k 2 4 K 6 4 P 4 2: 2 4 1 4 4 2 7 5
k 2 4 K 6 4 P 4 2: 2 4 1 4 4 2 3 1
k 2 4 K 6 4 P 4 2: 2 4 1 4 4 2 5 1
k 2 4 K 6 4 P 4 2: 2 4 1 4 4 2 3 3
k 2 4 K 6 4 P 4 2: 2 4 1 4 4 2 2 4
k 2 4 K 6 4 P 4 2: 2 4 1 4 4 2 1 5
k 2 4 K 6 4 p 4 3 r 5 3: 4 3 5 3
k 2 4 K 6 4 p 4 3 r 5 3: 4 3 6 3
k 2 4 K 6 4 p 4 3 r 5 3: 4 3 7 3
k 2 4 K 6 4 p 4 3 r 3 3: 4 3 3 3
k 2 4 K 6 4 p 4 3 r 3 3: 4 3 2 3
k 2 4 K 6 4 p 4 3 r 3 3: 4 3 1 3
k 2 4 K 6 4 p 4 3 r 4 4: 4 3 4 4
k 2 4 K 6 4 p 4 3 r 4 4: 4 3 4 5
k 2 4 K 6 4 p 4 3 r 4 4: 4 3 4 6
k 2 4 K 6 4 p 4 3 r 4 2: 4 3 4 2
k 2 4 K 6 4 p 4 3 r 4 2: 4 3 4 1
k 2 4 K 6 4 p 4 3 r 5 4: 4 3 5 4
k 2 4 K 6 4 p 4 3 r 5 4: 4 3 6 5
k 2 4 K 6 4 p 4 3 r 5 4: 4 3 7 6
k 2 4 K 6 4 p 4 3 r 3 2: 4 3 3 2
k 2 4 K 6 4 p 4 3 r 3 2: 4 3 2 1
k 2 4 K 6 4 p 4 3 r 5 2: 4 3 5 2
k 2 4 K 6 4 p 4 3 r 5 2: 4 3 6 1
k 2 4 K 6 4 p 4 3 r 3 4: 4 3 3 4
k 2 4 K 6 4 p 4 3 r 3 4: 4 3 2 5
k 2 4 K 6 4 p 4 3 r 3 4: 4 3 1 6
k 2 4 K 6 4 p 4 3 R 5 3: 4 3 5 3
k 2 4 K 6 4 p 4 3 R 5 3: 4 3 6 3
k 2 4 K 6 4 p 4 3 R 5 3: 4 3 7 3
k 2 4 K 6 4 p 4 3 R 3 3: 4 3 3 3
k 2 4 K 6 4 p 4 3 R 3 3: 4 3 2 3
k 2 4 K 6 4 p 4 3 R 3 3: 4 3 1 3
k 2 4 K 6 4 p 4 3 R 4 4: 4 3 4 4
k 2 4 K 6 4 p 4 3 R 4 4: 4 3 4 5
k 2 4 K 6 4 p 4 3 R 4 4: 4 3 4 6
k 2 4 K 6 4 p 4 3 R 4 2: 4 3 4 2
k 2 4 K 6 4 p 4 3 R 4 2: 4 3 4 1
k 2 4 K 6 4 p 4 3 R 5 4: 4 3 5 4
k 2 4 K 6 4 p 4 3 R 5 4: 4 3 6 5
k 2 4 K 6 4 p 4 3 R 5 4: 4 3 7 6
k 2 4 K 6 4 p 4 3 R 3 2: 4 3 3 2
k 2 4 K 6 4 p 4 3 R 3 2: 4 3 2 1
k 2 4 K 6 4 p 4 3 R 5 2: 4 3 5 2
k 2 4 K 6 4 p 4 3 R 5 2: 4 3 6 1
k 2 4 K 6 4 p 4 3 R 3 4: 4 3 3 4
k 2 4 K 6 4 p 4 3 R 3 4: 4 3 2 5
k 2 4 K 6 4 p 4 3 R 3 4: 4 3 1 6
k 2 4 K 6 4 p 4 3: 4 3 5 3
k 2 4 K 6 4 p 4 3: 4 3 6 3
k 2 4 K 6 4 p 4 3: 4 3 7 3
k 2 4 K 6 4 p 4 3: 4 3 3 3
k 2 4 K 6 4 p 4 3: 4 3 2 3
k 2 4 K 6 4 p 4 3: 4 3 1 3
k 2 4 K 6 4 p 4 3: 4 3 4 4
k 2 4 K 6 4 p 4 3: 4 3 4 5
k 2 4 K 6 4 p 4 3: 4 3 4 6
k 2 4 K 6 4 p 4 3: 4 3 4 2
k 2 4 K 6 4 p 4 3: 4 3 4 1
k 2 4 K 6 4 p 4 3: 4 3 5 4
k 2 4 K 6 4 p 4 3: 4 3 6 5
k 2 4 K 6 4 p 4 3: 4 3 7 6
k 2 4 K 6 4 p 4 3: 4 3 3 2
k 2 4 K 6 4 p 4 3: 4 3 2 1
k 2 4 K 6 4 p 4 3: 4 3 5 2
k 2 4 K 6 4 p 4 3: 4 3 6 1
k 2 4 K 6 4 p 4 3: 4 3 3 4
k 2 4 K 6 4 p 4 3: 4 3 2 5
k 2 4 K 6 4 p 4 3: 4 3 1 6
k 2 4 K 6 4 P 4 3 r 5 3: 2 4 1 4 4 3 5 3
k 2 4 K 6 4 P 4 3 r 5 3: 2 4 1 4 4 3 6 3
k 2 4 K 6 4 P 4 3 r 5 3: 2 4 1 4 4 3 7 3
k 2 4 K 6 4 P 4 3 r 3 3: 2 4 1 4 4 3 3 3
k 2 4 K 6 4 P 4 3 r 3 3: 2 4 1 4 4 3 2 3
k 2 4 K 6 4 P 4 3 r 3 3: 2 4 1 4 4 3 1 3
k 2 4 K 6 4 P 4 3 r 4 4: 2 4 1 4 4 3 4 4
k 2 4 K 6 4 P 4 3 r 4 4: 2 4 1 4 4 3 4 5
k 2 4 K 6 4 P 4 3 r 4 4: 2 4 1 4 4 3 4 6
k 2 4 K 6 4 P 4 3 r 4 2: 2 4 1 4 4 3 4 2
k 2 4 K 6 4 P 4 3 r 4 2: 2 4 1 4 4 3 4 1
k 2 4 K 6 4 P 4 3 r 5 4: 2 4 1 4 4 3 5 4
k 2 4 K 6 4 P 4 3 r 5 4: 2 4 1 4 4 3 6 5
k 2 4 K 6 4 P 4 3 r 5 4: 2 4 1 4 4 3 7 6
k 2 4 K 6 4 P 4 3 r 3 2: 2 4 1 4 4 3 3 2
k 2 4 K 6 4 P 4 3 r 3 2: 2 4 1 4 4 3 2 1
k 2 4 K 6 4 P 4 3 r 5 2: 2 4 1 4 4 3 5 2
k 2 4 K 6 4 P 4 3 r 5 2: 2 4 1 4 4 3 6 1
k 2 4 K 6 4 P 4 3 r 3 4: 2 4 1 4 4 3 3 4
k 2 4 K 6 4 P 4 3 r 3 4: 2 4 1 4 4 3 2 5
k 2 4 K 6 4 P 4 3 r 3 4: 2 4 1 4 4 3 1 6
k 2 4 K 6 4 P 4 3 R 5 3: 2 4 1 4 4 3 5 3
k 2 4 K 6 4 P 4 3 R 5 3: 2 4 1 4 4 3 6 3
k 2 4 K 6 4 P 4 3 R 5 3: 2 4 1 4 4 3 7 3
k 2 4 K 6 4 P 4 3 R 3 3: 2 4 1 4 4 3 3 3
k 2 4 K 6 4 P 4 3 R 3 3: 2 4 1 4 4 3 2 3
k 2 4 K 6 4 P 4 3 R 3 3: 2 4 1 4 4 3 1 3
k 2 4 K 6 4 P 4 3 R 4 4: 2 4 1 4 4 3 4 4
k 2 4 K 6 4 P 4 3 R 4 4: 2 4 1 4 4 3 4 5
k 2 4 K 6 4 P 4 3 R 4 4: 2 4 1 4 4 3 4 6
k 2 4 K 6 4 P 4 3 R 4 2: 2 4 1 4 4 3 4 2
k 2 4 K 6 4 P 4 3 R 4 2: 2 4 1 4 4 3 4 1
k 2 4 K 6 4 P 4 3 R 5 4: 2 4 1 4 4 3 5 4
k 2 4 K 6 4 P 4 3 R 5 4: 2 4 1 4 4 3 6 5
k 2 4 K 6 4 P 4 3 R 5 4: 2 4 1 4 4 3 7 6
k 2 4 K 6 4 P 4 3 R 3 2: 2 4 1 4 4 3 3 2
k 2 4 K 6 4 P 4 3 R 3 2: 2 4 1 4 4 3 2 1
k 2 4 K 6 4 P 4 3 R 5 2: 2 4 1 4 4 3 5 2
k 2 4 K 6 4 P 4 3 R 5 2: 2 4 1 4 4 3 6 1
k 2 4 K 6 4 P 4 3 R 3 4: 2 4 1 4 4 3 3 4
k 2 4 K 6 4 P 4 3 R 3 4: 2 4 1 4 4 3 2 5
k 2 4 K 6 4 P 4 3 R 3 4: 2 4 1 4 4 3 1 6
k 2 4 K 6 4 P 4 3: 2 4 1 4 4 3 5 3
k 2 4 K 6 4 P 4 3: 2 4 1 4 4 3 6 3
k 2 4 K 6 4 P 4 3: 2 4 1 4 4 3 7 3
k 2 4 K 6 4 P 4 3: 2 4 1 4 4 3 3 3
k 2 4 K 6 4 P 4 3: 2 4 1 4 4 3 2 3
k 2 4 K 6 4 P 4 3: 2 4 1 4 4 3 1 3
k 2 4 K 6 4 P 4 3: 2 4 1 4 4 3 4 4
k 2 4 K 6 4 P 4 3: 2 4 1 4 4 3 4 5
k 2 4 K 6 4 P 4 3: 2 4 1 4 4 3 4 6
k 2 4 K 6 4 P 4 3: 2 4 1 4 4 3 4 2
k 2 4 K 6 4 P 4 3: 2 4 1 4 4 3 4 1
k 2 4 K 6 4 P 4 3: 2 4 1 4 4 3 5 4
k 2 4 K 6 4 P 4 3: 2 4 1 4 4 3 6 5
k 2 4 K 6 4 P 4 3: 2 4 1 4 4 3 7 6
k 2 4 K 6 4 P 4 3: 2 4 1 4 4 3 3 2
k 2 4 K 6 4 P 4 3: 2 4 1 4 4 3 2 1
k 2 4 K 6 4 P 4 3: 2 4 1 4 4 3 5 2
k 2 4 K 6 4 P 4 3: 2 4 1 4 4 3 6 1
k 2 4 K 6 4 P 4 3: 2 4 1 4 4 3 3 4
k 2 4 K 6 4 P 4 3: 2 4 1 4 4 3 2 5
k 2 4 K 6 4 P 4 3: 2 4 1 4 4 3 1 6
k 2 4 K 6 4 p 4 5 r 5 5: 4 5 5 5
k 2 4 K 6 4 p 4 5 r 5 5: 4 5 6 5
k 2 4 K 6 4 p 4 5 r 5 5: 4 5 7 5
k 2 4 K 6 4 p 4 5 r 3 5: 4 5 3 5
k 2 4 K 6 4 p 4 5 r 3 5: 4 5 2 5
k 2 4 K 6 4 p 4 5 r 3 5: 4 5 1 5
k 2 4 K 6 4 p 4 5 r 4 6: 4 5 4 6
k 2 4 K 6 4 p 4 5 r 4 6: 4 5 4 7
k 2 4 K 6 4 p 4 5 r 4 6: 4 5 4 8
k 2 4 K 6 4 p 4 5 r 4 4: 4 5 4 4
k 2 4 K 6 4 p 4 5 r 4 4: 4 5 4 3
k 2 4 K 6 4 p 4 5 r 4 4: 4 5 4 2
k 2 4 K 6 4 p 4 5 r 5 6: 4 5 5 6
k 2 4 K 6 4 p 4 5 r 5 6: 4 5 6 7
k 2 4 K 6 4 p 4 5 r 5 6: 4 5 7 8
k 2 4 K 6 4 p 4 5 r 3 4: 4 5 3 4
k 2 4 K 6 4 p 4 5 r 3 4: 4 5 2 3
k 2 4 K 6 4 p 4 5 r 3 4: 4 5 1 2
k 2 4 K 6 4 p 4 5 r 5 4: 4 5 5 4
k 2 4 K 6 4 p 4 5 r 5 4: 4 5 6 3
k 2 4 K 6 4 p 4 5 r 5 4: 4 5 7 2
k 2 4 K 6 4 p 4 5 r 3 6: 4 5 3 6
k 2 4 K 6 4 p 4 5 r 3 6: 4 5 2 7
k 2 4 K 6 4 p 4 5 r 3 6: 4 5 1 8
k 2 4 K 6 4 p 4 5 R 5 5: 4 5 5 5
k 2 4 K 6 4 p 4 5 R 5 5: 4 5 6 5
k 2 4 K 6 4 p 4 5 R 5 5: 4 5 7 5
k 2 4 K 6 4 p 4 5 R 3 5: 4 5 3 5
k 2 4 K 6 4 p 4 5 R 3 5: 4 5 2 5
k 2 4 K 6 4 p 4 5 R 3 5: 4 5 1 5
k 2 4 K 6 4 p 4 5 R 4 6: 4 5 4 6
k 2 4 K 6 4 p 4 5 R 4 6: 4 5 4 7
k 2 4 K 6 4 p 4 5 R 4 6: 4 5 4 8
k 2 4 K 6 4 p 4 5 R 4 4: 4 5 4 4
k 2 4 K 6 4 p 4 5 R 4 4: 4 5 4 3
k 2 4 K 6 4 p 4 5 R 4 4: 4 5 4 2
k 2 4 K 6 4 p 4 5 R 5 6: 4 5 5 6
k 2 4 K 6 4 p 4 5 R 5 6: 4 5 6 7
k 2 4 K 6 4 p 4 5 R 5 6: 4 5 7 8
k 2 4 K 6 4 p 4 5 R 3 4: 4 5 3 4
k 2 4 K 6 4 p 4 5 R 3 4: 4 5 2 3
k 2 4 K 6 4 p 4 5 R 3 4: 4 5 1 2
k 2 4 K 6 4 p 4 5 R 5 4: 4 5 5 4
k 2 4 K 6 4 p 4 5 R 5 4: 4 5 6 3
k 2 4 K 6 4 p 4 5 R 5 4: 4 5 7 2
k 2 4 K 6 4 p 4 5 R 3 6: 4 5 3 6
k 2 4 K 6 4 p 4 5 R 3 6: 4 5 2 7
k 2 4 K 6 4 p 4 5 R 3 6: 4 5 1 8
k 2 4 K 6 4 p 4 5: 4 5 5 5
k 2 4 K 6 4 p 4 5: 4 5 6 5
k 2 4 K 6 4 p 4 5: 4 5 7 5
k 2 4 K 6 4 p 4 5: 4 5 3 5
k 2 4 K 6 4 p 4 5: 4 5 2 5
k 2 4 K 6 4 p 4 5: 4 5 1 5
k 2 4 K 6 4 p 4 5: 4 5 4 6
k 2 4 K 6 4 p 4 5: 4 5 4 7
k 2 4 K 6 4 p 4 5: 4 5 4 8
k 2 4 K 6 4 p 4 5: 4 5 4 4
k 2 4 K 6 4 p 4 5: 4 5 4 3
k 2 4 K 6 4 p 4 5: 4 5 4 2
k 2 4 K 6 4 p 4 5: 4 5 5 6
k 2 4 K 6 4 p 4 5: 4 5 6 7
k 2 4 K 6 4 p 4 5: 4 5 7 8
k 2 4 K 6 4 p 4 5: 4 5 3 4
k 2 4 K 6 4 p 4 5: 4 5 2 3
k 2 4 K 6 4 p 4 5: 4 5 1 2
k 2 4 K 6 4 p 4 5: 4 5 5 4
k 2 4 K 6 4 p 4 5: 4 5 6 3
k 2 4 K 6 4 p 4 5: 4 5 7 2
k 2 4 K 6 4 p 4 5: 4 5 3 6
k 2 4 K 6 4 p 4 5: 4 5 2 7
k 2 4 K 6 4 p 4 5: 4 5 1 8
k 2 4 K 6 4 P 4 5 r 5 5: 2 4 1 4 4 5 5 5
k 2 4 K 6 4 P 4 5 r 5 5: 2 4 1 4 4 5 6 5
k 2 4 K 6 4 P 4 5 r 5 5: 2 4 1 4 4 5 7 5
k 2 4 K 6 4 P 4 5 r 3 5: 2 4 1 4 4 5 3 5
k 2 4 K 6 4 P 4 5 r 3 5: 2 4 1 4 4 5 2 5
k 2 4 K 6 4 P 4 5 r 3 5: 2 4 1 4 4 5 1 5
k 2 4 K 6 4 P 4 5 r 4 6: 2 4 1 4 4 5 4 6
k 2 4 K 6 4 P 4 5 r 4 6: 2 4 1 4 4 5 4 7
k 2 4 K 6 4 P 4 5 r 4 6: 2 4 1 4 4 5 4 8
k 2 4 K 6 4 P 4 5 r 4 4: 2 4 1 4 4 5 4 4
k 2 4 K 6 4 P 4 5 r 4 4: 2 4 1 4 4 5 4 3
k 2 4 K 6 4 P 4 5 r 4 4: 2 4 1 4 4 5 4 2
k 2 4 K 6 4 P 4 5 r 5 6: 2 4 1 4 4 5 5 6
k 2 4 K 6 4 P 4 5 r 5 6: 2 4 1 4 4 5 6 7
k 2 4 K 6 4 P 4 5 r 5 6: 2 4 1 4 4 5 7 8
k 2 4 K 6 4 P 4 5 r 3 4: 2 4 1 4 4 5 3 4
k 2 4 K 6 4 P 4 5 r 3 4: 2 4 1 4 4 5 2 3
k 2 4 K 6 4 P 4 5 r 3 4: 2 4 1 4 4 5 1 2
k 2 4 K 6 4 P 4 5 r 5 4: 2 4 1 4 4 5 5 4
k 2 4 K 6 4 P 4 5 r 5 4: 2 4 1 4 4 5 6 3
k 2 4 K 6 4 P 4 5 r 5 4: 2 4 1 4 4 5 7 2
k 2 4 K 6 4 P 4 5 r 3 6: 2 4 1 4 4 5 3 6
k 2 4 K 6 4 P 4 5 r 3 6: 2 4 1 4 4 5 2 7
k 2 4 K 6 4 P 4 5 r 3 6: 2 4 1 4 4 5 1 8
k 2 4 K 6 4 P 4 5 R 5 5: 2 4 1 4 4 5 5 5
k 2 4 K 6 4 P 4 5 R 5 5: 2 4 1 4 4 5 6 5
k 2 4 K 6 4 P 4 5 R 5 5: 2 4 1 4 4 5 7 5
k 2 4 K 6 4 P 4 5 R 3 5: 2 4 1 4 4 5 3 5
k 2 4 K 6 4 P 4 5 R 3 5: 2 4 1 4 4 5 2 5
k 2 4 K 6 4 P 4 5 R 3 5: 2 4 1 4 4 5 1 5
k 2 4 K 6 4 P 4 5 R 4 6: 2 4 1 4 4 5 4 6
k 2 4 K 6 4 P 4 5 R 4 6: 2 4 1 4 4 5 4 7
k 2 4 K 6 4 P 4 5 R 4 6: 2 4 1 4 4 5 4 8
k 2 4 K 6 4 P 4 5 R 4 4: 2 4 1 4 4 5 4 4
k 2 4 K 6 4 P 4 5 R 4 4: 2 4 1 4 4 5 4 3
k 2 4 K 6 4 P 4 5 R 4 4: 2 4 1 4 4 5 4 2
k 2 4 K 6 4 P 4 5 R 5 6: 2 4 1 4 4 5 5 6
k 2 4 K 6 4 P 4 5 R 5 6: 2 4 1 4 4 5 6 7
k 2 4 K 6 4 P 4 5 R 5 6: 2 4 1 4 4 5 7 8
k 2 4 K 6 4 P 4 5 R 3 4: 2 4 1 4 4 5 3 4
k 2 4 K 6 4 P 4 5 R 3 4: 2 4 1 4 4 5 2 3
k 2 4 K 6 4 P 4 5 R 3 4: 2 4 1 4 4 5 1 2
k 2 4 K 6 4 P 4 5 R 5 4: 2 4 1 4 4 5 5 4
k 2 4 K 6 4 P 4 5 R 5 4: 2 4 1 4 4 5 6 3
k 2 4 K 6 4 P 4 5 R 5 4: 2 4 1 4 4 5 7 2
k 2 4 K 6 4 P 4 5 R 3 6: 2 4 1 4 4 5 3 6
k 2 4 K 6 4 P 4 5 R 3 6: 2 4 1 4 4 5 2 7
k 2 4 K 6 4 P 4 5 R 3 6: 2 4 1 4 4 5 1 8
k 2 4 K 6 4 P 4 5: 2 4 1 4 4 5 5 5
k 2 4 K 6 4 P 4 5: 2 4 1 4 4 5 6 5
k 2 4 K 6 4 P 4 5: 2 4 1 4 4 5 7 5
k 2 4 K 6 4 P 4 5: 2 4 1 4 4 5 3 5
k 2 4 K 6 4 P 4 5: 2 4 1 4 4 5 2 5
k 2 4 K 6 4 P 4 5: 2 4 1 4 4 5 1 5
k 2 4 K 6 4 P 4 5: 2 4 1 4 4 5 4 6
k 2 4 K 6 4 P 4 5: 2 4 1 4 4 5 4 7
k 2 4 K 6 4 P 4 5: 2 4 1 4 4 5 4 8
k 2 4 K 6 4 P 4 5: 2 4 1 4 4 5 4 4
k 2 4 K 6 4 P 4 5: 2 4 1 4 4 5 4 3
k 2 4 K 6 4 P 4 5: 2 4 1 4 4 5 4 2
k 2 4 K 6 4 P 4 5: 2 4 1 4 4 5 5 6
k 2 4 K 6 4 P 4 5: 2 4 1 4 4 5 6 7
k 2 4 K 6 4 P 4 5: 2 4 1 4 4 5 7 8
k 2 4 K 6 4 P 4 5: 2 4 1 4 4 5 3 4
k 2 4 K 6 4 P 4 5: 2 4 1 4 4 5 2 3
k 2 4 K 6 4 P 4 5: 2 4 1 4 4 5 1 2
k 2 4 K 6 4 P 4 5: 2 4 1 4 4 5 5 4
k 2 4 K 6 4 P 4 5: 2 4 1 4 4 5 6 3
k 2 4 K 6 4 P 4 5: 2 4 1 4 4 5 7 2
k 2 4 K 6 4 P 4 5: 2 4 1 4 4 5 3 6
k 2 4 K 6 4 P 4 5: 2 4 1 4 4 5 2 7
k 2 4 K 6 4 P 4 5: 2 4 1 4 4 5 1 8
k 2 4 K 6 4 p 4 6 r 5 6: 4 6 5 6
k 2 4 K 6 4 p 4 6 r 5 6: 4 6 6 6
k 2 4 K 6 4 p 4 6 r 5 6: 4 6 7 6
k 2 4 K 6 4 p 4 6 r 3 6: 4 6 3 6
k 2 4 K 6 4 p 4 6 r 3 6: 4 6 2 6
k 2 4 K 6 4 p 4 6 r 3 6: 4 6 1 6
k 2 4 K 6 4 p 4 6 r 4 7: 4 6 4 7
k 2 4 K 6 4 p 4 6 r 4 7: 4 6 4 8
k 2 4 K 6 4 p 4 6 r 4 5: 4 6 4 5
k 2 4 K 6 4 p 4 6 r 4 5: 4 6 4 4
k 2 4 K 6 4 p 4 6 r 4 5: 4 6 4 3
k 2 4 K 6 4 p 4 6 r 5 7: 4 6 5 7
k 2 4 K 6 4 p 4 6 r 5 7: 4 6 6 8
k 2 4 K 6 4 p 4 6 r 3 5: 4 6 3 5
k 2 4 K 6 4 p 4 6 r 3 5: 4 6 2 4
k 2 4 K 6 4 p 4 6 r 3 5: 4 6 1 3
k 2 4 K 6 4 p 4 6 r 5 5: 4 6 5 5
k 2 4 K 6 4 p 4 6 r 5 5: 4 6 6 4
k 2 4 K 6 4 p 4 6 r 5 5: 4 6 7 3
k 2 4 K 6 4 p 4 6 r 3 7: 4 6 3 7
k 2 4 K 6 4 p 4 6 r 3 7: 4 6 2 8
k 2 4 K 6 4 p 4 6 R 5 6: 4 6 5 6
k 2 4 K 6 4 p 4 6 R 5 6: 4 6 6 6
k 2 4 K 6 4 p 4 6 R 5 6: 4 6 7 6
k 2 4 K 6 4 p 4 6 R 3 6: 4 6 3 6
k 2 4 K 6 4 p 4 6 R 3 6: 4 6 2 6
k 2 4 K 6 4 p 4 6 R 3 6: 4 6 1 6
k 2 4 K 6 4 p 4 6 R 4 7: 4 6 4 7
k 2 4 K 6 4 p 4 6 R 4 7: 4 6 4 8
k 2 4 K 6 4 p 4 6 R 4 5: 4 6 4 5
k 2 4 K 6 4 p 4 6 R 4 5: 4 6 4 4
k 2 4 K 6 4 p 4 6 R 4 5: 4 6 4 3
k 2 4 K 6 4 p 4 6 R 5 7: 4 6 5 7
k 2 4 K 6 4 p 4 6 R 5 7: 4 6 6 8
k 2 4 K 6 4 p 4 6 R 3 5: 4 6 3 5
k 2 4 K 6 4 p 4 6 R 3 5: 4 6 2 4
k 2 4 K 6 4 p 4 6 R 3 5: 4 6 1 3
k 2 4 K 6 4 p 4 6 R 5 5: 4 6 5 5
k 2 4 K 6 4 p 4 6 R 5 5: 4 6 6 4
k 2 4 K 6 4 p 4 6 R 5 5: 4 6 7 3
k 2 4 K 6 4 p 4 6 R 3 7: 4 6 3 7
k 2 4 K 6 4 p 4 6 R 3 7: 4 6 2 8
k 2 4 K 6 4 p 4 6: 4 6 5 6
k 2 4 K 6 4 p 4 6: 4 6 6 6
k 2 4 K 6 4 p 4 6: 4 6 7 6
k 2 4 K 6 4 p 4 6: 4 6 3 6
k 2 4 K 6 4 p 4 6: 4 6 2 6
k 2 4 K 6 4 p 4 6: 4 6 1 6
k 2 4 K 6 4 p 4 6: 4 6 4 7
k 2 4 K 6 4 p 4 6: 4 6 4 8
k 2 4 K 6 4 p 4 6: 4 6 4 5
k 2 4 K 6 4 p 4 6: 4 6 4 4
k 2 4 K 6 4 p 4 6: 4 6 4 3
k 2 4 K 6 4 p 4 6: 4 6 5 7
k 2 4 K 6 4 p 4 6: 4 6 6 8
k 2 4 K 6 4 p 4 6: 4 6 3 5
k 2 4 K 6 4 p 4 6: 4 6 2 4
k 2 4 K 6 4 p 4 6: 4 6 1 3
k 2 4 K 6 4 p 4 6: 4 6 5 5
k 2 4 K 6 4 p 4 6: 4 6 6 4
k 2 4 K 6 4 p 4 6: 4 6 7 3
k 2 4 K 6 4 p 4 6: 4 6 3 7
k 2 4 K 6 4 p 4 6: 4 6 2 8
k 2 4 K 6 4 P 4 6 r 5 6: 2 4 1 4 4 6 5 6
k 2 4 K 6 4 P 4 6 r 5 6: 2 4 1 4 4 6 6 6
k 2 4 K 6 4 P 4 6 r 5 6: 2 4 1 4 4 6 7 6
k 2 4 K 6 4 P 4 6 r 3 6: 2 4 1 4 4 6 3 6
k 2 4 K 6 4 P 4 6 r 3 6: 2 4 1 4 4 6 2 6
k 2 4 K 6 4 P 4 6 r 3 6: 2 4 1 4 4 6 1 6
k 2 4 K 6 4 P 4 6 r 4 7: 2 4 1 4 4 6 4 7
k 2 4 K 6 4 P 4 6 r 4 7: 2 4 1 4 4 6 4 8
k 2 4 K 6 4 P 4 6 r 4 5: 2 4 1 4 4 6 4 5
k 2 4 K 6 4 P 4 6 r 4 5: 2 4 1 4 4 6 4 4
k 2 4 K 6 4 P 4 6 r 4 5: 2 4 1 4 4 6 4 3
k 2 4 K 6 4 P 4 6 r 5 7: 2 4 1 4 4 6 5 7
k 2 4 K 6 4 P 4 6 r 5 7: 2 4 1 4 4 6 6 8
k 2 4 K 6 4 P 4 6 r 3 5: 2 4 1 4 4 6 3 5
k 2 4 K 6 4 P 4 6 r 3 5: 2 4 1 4 4 6 2 4
k 2 4 K 6 4 P 4 6 r 3 5: 2 4 1 4 4 6 1 3
k 2 4 K 6 4 P 4 6 r 5 5: 2 4 1 4 4 6 5 5
k 2 4 K 6 4 P 4 6 r 5 5: 2 4 1 4 4 6 6 4
k 2 4 K 6 4 P 4 6 r 5 5: 2 4 1 4 4 6 7 3
k 2 4 K 6 4 P 4 6 r 3 7: 2 4 1 4 4 6 3 7
k 2 4 K 6 4 P 4 6 r 3 7: 2 4 1 4 4 6 2 8
k 2 4 K 6 4 P 4 6 R 5 6: 2 4 1 4 4 6 5 6
k 2 4 K 6 4 P 4 6 R 5 6: 2 4 1 4 4 6 6 6
k 2 4 K 6 4 P 4 6 R 5 6: 2 4 1 4 4 6 7 6
k 2 4 K 6 4 P 4 6 R 3 6: 2 4 1 4 4 6 3 6
k 2 4 K 6 4 P 4 6 R 3 6: 2 4 1 4 4 6 2 6
k 2 4 K 6 4 P 4 6 R 3 6: 2 4 1 4 4 6 1 6
k 2 4 K 6 4 P 4 6 R 4 7: 2 4 1 4 4 6 4 7
k 2 4 K 6 4 P 4 6 R 4 7: 2 4 1 4 4 6 4 8
k 2 4 K 6 4 P 4 6 R 4 5: 2 4 1 4 4 6 4 5
k 2 4 K 6 4 P 4 6 R 4 5: 2 4 1 4 4 6 4 4
k 2 4 K 6 4 P 4 6 R 4 5: 2 4 1 4 4 6 4 3
k 2 4 K 6 4 P 4 6 R 5 7: 2 4 1 4 4 6 5 7
k 2 4 K 6 4 P 4 6 R 5 7: 2 4 1 4 4 6 6 8
k 2 4 K 6 4 P 4 6 R 3 5: 2 4 1 4 4 6 3 5
k 2 4 K 6 4 P 4 6 R 3 5: 2 4 1 4 4 6 2 4
k 2 4 K 6 4 P 4 6 R 3 5: 2 4 1 4 4 6 1 3
k 2 4 K 6 4 P 4 6 R 5 5: 2 4 1 4 4 6 5 5
k 2 4 K 6 4 P 4 6 R 5 5: 2 4 1 4 4 6 6 4
k 2 4 K 6 4 P 4 6 R 5 5: 2 4 1 4 4 6 7 3
k 2 4 K 6 4 P 4 6 R 3 7: 2 4 1 4 4 6 3 7
k 2 4 K 6 4 P 4 6 R 3 7: 2 4 1 4 4 6 2 8
k 2 4 K 6 4 P 4 6: 2 4 1 4 4 6 5 6
k 2 4 K 6 4 P 4 6: 2 4 1 4 4 6 6 6
k 2 4 K 6 4 P 4 6: 2 4 1 4 4 6 7 6
k 2 4 K 6 4 P 4 6: 2 4 1 4 4 6 3 6
k 2 4 K 6 4 P 4 6: 2 4 1 4 4 6 2 6
k 2 4 K 6 4 P 4 6: 2 4 1 4 4 6 1 6
k 2 4 K 6 4 P 4 6: 2 4 1 4 4 6 4 7
k 2 4 K 6 4 P 4 6: 2 4 1 4 4 6 4 8
k 2 4 K 6 4 P 4 6: 2 4 1 4 4 6 4 5
k 2 4 K 6 4 P 4 6: 2 4 1 4 4 6 4 4
k 2 4 K 6 4 P 4 6: 2 4 1 4 4 6 4 3
k 2 4 K 6 4 P 4 6: 2 4 1 4 4 6 5 7
k 2 4 K 6 4 P 4 6: 2 4 1 4 4 6 6 8
k 2 4 K 6 4 P 4 6: 2 4 1 4 4 6 3 5
k 2 4 K 6 4 P 4 6: 2 4 1 4 4 6 2 4
k 2 4 K 6 4 P 4 6: 2 4 1 4 4 6 1 3
k 2 4 K 6 4 P 4 6: 2 4 1 4 4 6 5 5
k 2 4 K 6 4 P 4 6: 2 4 1 4 4 6 6 4
k 2 4 K 6 4 P 4 6: 2 4 1 4 4 6 7 3
k 2 4 K 6 4 P 4 6: 2 4 1 4 4 6 3 7
k 2 4 K 6 4 P 4 6: 2 4 1 4 4 6 2 8
k 2 4 K 6 4 p 4 7 r 5 7: 4 7 5 7
k 2 4 K 6 4 p 4 7 r 5 7: 4 7 6 7
k 2 4 K 6 4 p 4 7 r 5 7: 4 7 7 7
k 2 4 K 6 4 p 4 7 r 3 7: 4 7 3 7
k 2 4 K 6 4 p 4 7 r 3 7: 4 7 2 7
k 2 4 K 6 4 p 4 7 r 3 7: 4 7 1 7
k 2 4 K 6 4 p 4 7 r 4 8: 4 7 4 8
k 2 4 K 6 4 p 4 7 r 4 6: 4 7 4 6
k 2 4 K 6 4 p 4 7 r 4 6: 4 7 4 5
k 2 4 K 6 4 p 4 7 r 4 6: 4 7 4 4
k 2 4 K 6 4 p 4 7 r 5 8: 4 7 5 8
k 2 4 K 6 4 p 4 7 r 3 6: 4 7 3 6
k 2 4 K 6 4 p 4 7 r 3 6: 4 7 2 5
k 2 4 K 6 4 p 4 7 r 3 6: 4 7 1 4
k 2 4 K 6 4 p 4 7 r 5 6: 4 7 5 6
k 2 4 K 6 4 p 4 7 r 5 6: 4 7 6 5
k 2 4 K 6 4 p 4 7 r 5 6: 4 7 7 4
k 2 4 K 6 4 p 4 7 r 3 8: 4 7 3 8
k 2 4 K 6 4 p 4 7 R 5 7: 4 7 5 7
k 2 4 K 6 4 p 4 7 R 5 7: 4 7 6 7
k 2 4 K 6 4 p 4 7 R 5 7: 4 7 7 7
k 2 4 K 6 4 p 4 7 R 3 7: 4 7 3 7
k 2 4 K 6 4 p 4 7 R 3 7: 4 7 2 7
k 2 4 K 6 4 p 4 7 R 3 7: 4 7 1 7
k 2 4 K 6 4 p 4 7 R 4 8: 4 7 4 8
k 2 4 K 6 4 p 4 7 R 4 6: 4 7 4 6
k 2 4 K 6 4 p 4 7 R 4 6: 4 7 4 5
k 2 4 K 6 4 p 4 7 R 4 6: 4 7 4 4
k 2 4 K 6 4 p 4 7 R 5 8: 4 7 5 8
k 2 4 K 6 4 p 4 7 R 3 6: 4 7 3 6
k 2 4 K 6 4 p 4 7 R 3 6: 4 7 2 5
k 2 4 K 6 4 p 4 7 R 3 6: 4 7 1 4
k 2 4 K 6 4 p 4 7 R 5 6: 4 7 5 6
k 2 4 K 6 4 p 4 7 R 5 6: 4 7 6 5
k 2 4 K 6 4 p 4 7 R 5 6: 4 7 7 4
k 2 4 K 6 4 p 4 7 R 3 8: 4 7 3 8
k 2 4 K 6 4 p 4 7: 4 7 5 7
k 2 4 K 6 4 p 4 7: 4 7 6 7
k 2 4 K 6 4 p 4 7: 4 7 7 7
k 2 4 K 6 4 p 4 7: 4 7 3 7
k 2 4 K 6 4 p 4 7: 4 7 2 7
k 2 4 K 6 4 p 4 7: 4 7 1 7
k 2 4 K 6 4 p 4 7: 4 7 4 8
k 2 4 K 6 4 p 4 7: 4 7 4 6
k 2 4 K 6 4 p 4 7: 4 7 4 5
k 2 4 K 6 4 p 4 7: 4 7 4 4
k 2 4 K 6 4 p 4 7: 4 7 5 8
k 2 4 K 6 4 p 4 7: 4 7 3 6
k 2 4 K 6 4 p 4 7: 4 7 2 5
k 2 4 K 6 4 p 4 7: 4 7 1 4
k 2 4 K 6 4 p 4 7: 4 7 5 6
k 2 4 K 6 4 p 4 7: 4 7 6 5
k 2 4 K 6 4 p 4 7: 4 7 7 4
k 2 4 K 6 4 p 4 7: 4 7 3 8
k 2 4 K 6 4 P 4 7 r 5 7: 2 4 1 4 4 7 5 7
k 2 4 K 6 4 P 4 7 r 5 7: 2 4 1 4 4 7 6 7
k 2 4 K 6 4 P 4 7 r 5 7: 2 4 1 4 4 7 7 7
k 2 4 K 6 4 P 4 7 r 3 7: 2 4 1 4 4 7 3 7
k 2 4 K 6 4 P 4 7 r 3 7: 2 4 1 4 4 7 2 7
k 2 4 K 6 4 P 4 7 r 3 7: 2 4 1 4 4 7 1 7
k 2 4 K 6 4 P 4 7 r 4 8: 2 4 1 4 4 7 4 8
k 2 4 K 6 4 P 4 7 r 4 6: 2 4 1 4 4 7 4 6
k 2 4 K 6 4 P 4 7 r 4 6: 2 4 1 4 4 7 4 5
k 2 4 K 6 4 P 4 7 r 4 6: 2 4 1 4 4 7 4 4
k 2 4 K 6 4 P 4 7 r 5 8: 2 4 1 4 4 7 5 8
k 2 4 K 6 4 P 4 7 r 3 6: 2 4 1 4 4 7 3 6
k 2 4 K 6 4 P 4 7 r 3 6: 2 4 1 4 4 7 2 5
k 2 4 K 6 4 P 4 7 r 3 6: 2 4 1 4 4 7 1 4
k 2 4 K 6 4 P 4 7 r 5 6: 2 4 1 4 4 7 5 6
k 2 4 K 6 4 P 4 7 r 5 6: 2 4 1 4 4 7 6 5
k 2 4 K 6 4 P 4 7 r 5 6: 2 4 1 4 4 7 7 4
k 2 4 K 6 4 P 4 7 r 3 8: 2 4 1 4 4 7 3 8
k 2 4 K 6 4 P 4 7 R 5 7: 2 4 1 4 4 7 5 7
k 2 4 K 6 4 P 4 7 R 5 7: 2 4 1 4 4 7 6 7
k 2 4 K 6 4 P 4 7 R 5 7: 2 4 1 4 4 7 7 7
k 2 4 K 6 4 P 4 7 R 3 7: 2 4 1 4 4 7 3 7
k 2 4 K 6 4 P 4 7 R 3 7: 2 4 1 4 4 7 2 7
k 2 4 K 6 4 P 4 7 R 3 7: 2 4 1 4 4 7 1 7
k 2 4 K 6 4 P 4 7 R 4 8: 2 4 1 4 4 7 4 8
k 2 4 K 6 4 P 4 7 R 4 6: 2 4 1 4 4 7 4 6
k 2 4 K 6 4 P 4 7 R 4 6: 2 4 1 4 4 7 4 5
k 2 4 K 6 4 P 4 7 R 4 6: 2 4 1 4 4 7 4 4
k 2 4 K 6 4 P 4 7 R 5 8: 2 4 1 4 4 7 5 8
k 2 4 K 6 4 P 4 7 R 3 6: 2 4 1 4 4 7 3 6
k 2 4 K 6 4 P 4 7 R 3 6: 2 4 1 4 4 7 2 5
k 2 4 K 6 4 P 4 7 R 3 6: 2 4 1 4 4 7 1 4
k 2 4 K 6 4 P 4 7 R 5 6: 2 4 1 4 4 7 5 6
k 2 4 K 6 4 P 4 7 R 5 6: 2 4 1 4 4 7 6 5
k 2 4 K 6 4 P 4 7 R 5 6: 2 4 1 4 4 7 7 4
k 2 4 K 6 4 P 4 7 R 3 8: 2 4 1 4 4 7 3 8
k 2 4 K 6 4 P 4 7: 2 4 1 4 4 7 5 7
k 2 4 K 6 4 P 4 7: 2 4 1 4 4 7 6 7
k 2 4 K 6 4 P 4 7: 2 4 1 4 4 7 7 7
k 2 4 K 6 4 P 4 7: 2 4 1 4 4 7 3 7
k 2 4 K 6 4 P 4 7: 2 4 1 4 4 7 2 7
k 2 4 K 6 4 P 4 7: 2 4 1 4 4 7 1 7
k 2 4 K 6 4 P 4 7: 2 4 1 4 4 7 4 8
k 2 4 K 6 4 P 4 7: 2 4 1 4 4 7 4 6
k 2 4 K 6 4 P 4 7: 2 4 1 4 4 7 4 5
k 2 4 K 6 4 P 4 7: 2 4 1 4 4 7 4 4
k 2 4 K 6 4 P 4 7: 2 4 1 4 4 7 5 8
k 2 4 K 6 4 P 4 7: 2 4 1 4 4 7 3 6
k 2 4 K 6 4 P 4 7: 2 4 1 4 4 7 2 5
k 2 4 K 6 4 P 4 7: 2 4 1 4 4 7 1 4
k 2 4 K 6 4 P 4 7: 2 4 1 4 4 7 5 6
k 2 4 K 6 4 P 4 7: 2 4 1 4 4 7 6 5
k 2 4 K 6 4 P 4 7: 2 4 1 4 4 7 7 4
k 2 4 K 6 4 P 4 7: 2 4 1 4 4 7 3 8
